1.307228919923175692e+00
1.307228919923175692e+00
1.307228919923175692e+00
1.307228919923175692e+00
1.307228919923175692e+00
1.188397603667757263e+00
1.188397603667757263e+00
1.169784001679103014e+00
1.169784001679103014e+00
9.979195005678285213e-01
9.979195005678285213e-01
9.979195005678285213e-01
9.532332324121881584e-01
9.532332324121881584e-01
9.532332324121881584e-01
9.532332324121881584e-01
9.437368191262720529e-01
9.437368191262720529e-01
9.437368191262720529e-01
9.437368191262720529e-01
9.437368191262720529e-01
9.437368191262720529e-01
9.437368191262720529e-01
9.437368191262720529e-01
9.437368191262720529e-01
9.437368191262720529e-01
9.437368191262720529e-01
9.292350240215991874e-01
9.292350240215991874e-01
9.292350240215991874e-01
9.292350240215991874e-01
9.292350240215991874e-01
9.292350240215991874e-01
9.292350240215991874e-01
9.292350240215991874e-01
9.292350240215991874e-01
9.292350240215991874e-01
9.292350240215991874e-01
9.292350240215991874e-01
9.292350240215991874e-01
9.292350240215991874e-01
